39=NOT(2);
40=NOT(3);
41=NOT(4);
42=NOT(5);
43=NOT(6);
7=AND(1, 39, 40, 41, 42, 43);
8=AND(1, 2, 40, 41, 42, 43);
9=AND(1, 39, 3, 41, 42, 43);
10=AND(1, 2, 3, 41, 42, 43);
11=AND(1, 39, 40, 4, 42, 43);
12=AND(1, 2, 40, 4, 42, 43);
13=AND(1, 39, 3, 4, 42, 43);
14=AND(1, 2, 3, 4, 42, 43);
15=AND(1, 39, 40, 41, 5, 43);
16=AND(1, 2, 40, 41, 5, 43);
17=AND(1, 39, 3, 41, 5, 43);
18=AND(1, 2, 3, 41, 5, 43);
19=AND(1, 39, 40, 4, 5, 43);
20=AND(1, 2, 40, 4, 5, 43);
21=AND(1, 39, 3, 4, 5, 43);
22=AND(1, 2, 3, 4, 5, 43);
23=AND(1, 39, 40, 41, 42, 6);
24=AND(1, 2, 40, 41, 42, 6);
25=AND(1, 39, 3, 41, 42, 6);
26=AND(1, 2, 3, 41, 42, 6);
27=AND(1, 39, 40, 4, 42, 6);
28=AND(1, 2, 40, 4, 42, 6);
29=AND(1, 39, 3, 4, 42, 6);
30=AND(1, 2, 3, 4, 42, 6);
31=AND(1, 39, 40, 41, 5, 6);
32=AND(1, 2, 40, 41, 5, 6);
33=AND(1, 39, 3, 41, 5, 6);
34=AND(1, 2, 3, 41, 5, 6);
35=AND(1, 39, 40, 4, 5, 6);
36=AND(1, 2, 40, 4, 5, 6);
37=AND(1, 39, 3, 4, 5, 6);
38=AND(1, 2, 3, 4, 5, 6);
